"AUDIO","sendir,1:1,1,38000,1,69,342,171,21,21,21,21,21,21,21,21,21,21,21,21,21,21,21,64,21,64,21,64,21,64,21,64,21,64,21,64,21,64,21,64,21,64,21,64,21,64,21,21,21,21,21,21,21,64,21,21,21,21,21,21,21,21,21,64,21,64,21,64,21,21,21,64,21,1491,342,85,21,3663","0000 006D 0022 0002 0156 00AB 0015 0015 0015 0015 0015 0015 0015 0015 0015 0015 0015 0015 0015 0015 0015 0040 0015 0040 0015 0040 0015 0040 0015 0040 0015 0040 0015 0040 0015 0040 0015 0040 0015 0040 0015 0040 0015 0040 0015 0015 0015 0015 0015 0015 0015 0040 0015 0015 0015 0015 0015 0015 0015 0015 0015 0040 0015 0040 0015 0040 0015 0015 0015 0040 0015 05D3 0156 0055 0015 0E4F",,

"CHANNEL DOWN","sendir,1:1,1,38000,1,69,342,171,21,21,21,21,21,21,21,21,21,21,21,21,21,21,21,64,21,64,21,64,21,64,21,64,21,64,21,64,21,64,21,64,21,64,21,21,21,21,21,21,21,21,21,21,21,21,21,21,21,21,21,64,21,64,21,64,21,64,21,64,21,64,21,64,21,1491,342,85,21,3663","0000 006D 0022 0002 0156 00AB 0015 0015 0015 0015 0015 0015 0015 0015 0015 0015 0015 0015 0015 0015 0015 0040 0015 0040 0015 0040 0015 0040 0015 0040 0015 0040 0015 0040 0015 0040 0015 0040 0015 0040 0015 0015 0015 0015 0015 0015 0015 0015 0015 0015 0015 0015 0015 0015 0015 0015 0015 0040 0015 0040 0015 0040 0015 0040 0015 0040 0015 0040 0015 0040 0015 05D3 0156 0055 0015 0E4F",,

"CHANNEL UP","sendir,1:1,1,38000,1,69,342,171,21,21,21,21,21,21,21,21,21,21,21,21,21,21,21,64,21,64,21,64,21,64,21,64,21,64,21,64,21,64,21,64,21,21,21,21,21,21,21,21,21,21,21,21,21,21,21,21,21,64,21,64,21,64,21,64,21,64,21,64,21,64,21,64,21,1491,342,85,21,3663","0000 006D 0022 0002 0156 00AB 0015 0015 0015 0015 0015 0015 0015 0015 0015 0015 0015 0015 0015 0015 0015 0040 0015 0040 0015 0040 0015 0040 0015 0040 0015 0040 0015 0040 0015 0040 0015 0040 0015 0015 0015 0015 0015 0015 0015 0015 0015 0015 0015 0015 0015 0015 0015 0015 0015 0040 0015 0040 0015 0040 0015 0040 0015 0040 0015 0040 0015 0040 0015 0040 0015 05D3 0156 0055 0015 0E4F",,

"CURSOR DOWN","sendir,1:1,1,38000,1,69,342,171,21,21,21,21,21,21,21,21,21,21,21,21,21,21,21,64,21,64,21,64,21,64,21,64,21,64,21,64,21,64,21,64,21,64,21,21,21,21,21,21,21,21,21,21,21,21,21,21,21,21,21,64,21,64,21,64,21,64,21,64,21,64,21,64,21,1491,342,85,21,3663","0000 006D 0022 0002 0156 00AB 0015 0015 0015 0015 0015 0015 0015 0015 0015 0015 0015 0015 0015 0015 0015 0040 0015 0040 0015 0040 0015 0040 0015 0040 0015 0040 0015 0040 0015 0040 0015 0040 0015 0040 0015 0015 0015 0015 0015 0015 0015 0015 0015 0015 0015 0015 0015 0015 0015 0015 0015 0040 0015 0040 0015 0040 0015 0040 0015 0040 0015 0040 0015 0040 0015 05D3 0156 0055 0015 0E4F",,

"CURSOR ENTER","sendir,1:1,1,38000,1,69,342,171,21,21,21,21,21,21,21,21,21,21,21,21,21,21,21,63,21,63,21,63,21,63,21,63,21,63,21,63,21,63,21,63,21,63,21,63,21,63,21,63,21,63,21,21,21,21,21,21,21,21,21,21,21,21,21,21,21,21,21,63,21,63,21,63,21,1491,342,85,21,3663","0000 006D 0022 0002 0156 00AB 0015 0015 0015 0015 0015 0015 0015 0015 0015 0015 0015 0015 0015 0015 0015 003F 0015 003F 0015 003F 0015 003F 0015 003F 0015 003F 0015 003F 0015 003F 0015 003F 0015 003F 0015 003F 0015 003F 0015 003F 0015 003F 0015 0015 0015 0015 0015 0015 0015 0015 0015 0015 0015 0015 0015 0015 0015 0015 0015 003F 0015 003F 0015 003F 0015 05D3 0156 0055 0015 0E4F",,

"CURSOR LEFT","sendir,1:1,1,38000,1,69,342,171,21,21,21,21,21,21,21,21,21,21,21,21,21,21,21,63,21,63,21,63,21,63,21,63,21,63,21,63,21,63,21,63,21,63,21,63,21,21,21,21,21,21,21,21,21,21,21,21,21,21,21,21,21,63,21,63,21,63,21,63,21,63,21,63,21,1491,342,85,21,3663","0000 006D 0022 0002 0156 00AB 0015 0015 0015 0015 0015 0015 0015 0015 0015 0015 0015 0015 0015 0015 0015 003F 0015 003F 0015 003F 0015 003F 0015 003F 0015 003F 0015 003F 0015 003F 0015 003F 0015 003F 0015 003F 0015 0015 0015 0015 0015 0015 0015 0015 0015 0015 0015 0015 0015 0015 0015 0015 0015 003F 0015 003F 0015 003F 0015 003F 0015 003F 0015 003F 0015 05D3 0156 0055 0015 0E4F",,

"CURSOR RIGHT","sendir,1:1,1,38000,1,69,342,171,21,21,21,21,21,21,21,21,21,21,21,21,21,21,21,63,21,63,21,63,21,63,21,63,21,63,21,63,21,63,21,63,21,21,21,63,21,21,21,21,21,21,21,21,21,21,21,21,21,63,21,21,21,63,21,63,21,63,21,63,21,63,21,63,21,1492,342,85,21,3663","0000 006D 0022 0002 0156 00AB 0015 0015 0015 0015 0015 0015 0015 0015 0015 0015 0015 0015 0015 0015 0015 003F 0015 003F 0015 003F 0015 003F 0015 003F 0015 003F 0015 003F 0015 003F 0015 003F 0015 0015 0015 003F 0015 0015 0015 0015 0015 0015 0015 0015 0015 0015 0015 0015 0015 003F 0015 0015 0015 003F 0015 003F 0015 003F 0015 003F 0015 003F 0015 003F 0015 05D4 0156 0055 0015 0E4F",,

"CURSOR UP","sendir,1:1,1,38000,1,69,342,171,21,21,21,21,21,21,21,21,21,21,21,21,21,21,21,64,21,64,21,64,21,64,21,64,21,64,21,64,21,64,21,64,21,21,21,21,21,21,21,21,21,21,21,21,21,21,21,21,21,64,21,64,21,64,21,64,21,64,21,64,21,64,21,64,21,1491,342,85,21,3663","0000 006D 0022 0002 0156 00AB 0015 0015 0015 0015 0015 0015 0015 0015 0015 0015 0015 0015 0015 0015 0015 0040 0015 0040 0015 0040 0015 0040 0015 0040 0015 0040 0015 0040 0015 0040 0015 0040 0015 0015 0015 0015 0015 0015 0015 0015 0015 0015 0015 0015 0015 0015 0015 0015 0015 0040 0015 0040 0015 0040 0015 0040 0015 0040 0015 0040 0015 0040 0015 0040 0015 05D3 0156 0055 0015 0E4F",,

"DIGIT 0","sendir,1:1,1,38000,1,69,342,171,21,21,21,21,21,21,21,21,21,21,21,21,21,21,21,63,21,63,21,63,21,63,21,63,21,63,21,63,21,63,21,63,21,21,21,21,21,21,21,21,21,63,21,21,21,21,21,21,21,63,21,63,21,63,21,63,21,21,21,63,21,63,21,63,21,1491,342,85,21,3663","0000 006D 0022 0002 0156 00AB 0015 0015 0015 0015 0015 0015 0015 0015 0015 0015 0015 0015 0015 0015 0015 003F 0015 003F 0015 003F 0015 003F 0015 003F 0015 003F 0015 003F 0015 003F 0015 003F 0015 0015 0015 0015 0015 0015 0015 0015 0015 003F 0015 0015 0015 0015 0015 0015 0015 003F 0015 003F 0015 003F 0015 003F 0015 0015 0015 003F 0015 003F 0015 003F 0015 05D3 0156 0055 0015 0E4F",,

"DIGIT 1","sendir,1:1,1,38000,1,69,342,171,21,21,21,21,21,21,21,21,21,21,21,21,21,21,21,63,21,63,21,63,21,63,21,63,21,63,21,63,21,63,21,63,21,63,21,21,21,21,21,21,21,63,21,21,21,21,21,21,21,21,21,63,21,63,21,63,21,21,21,63,21,63,21,63,21,1491,342,85,21,3663","0000 006D 0022 0002 0156 00AB 0015 0015 0015 0015 0015 0015 0015 0015 0015 0015 0015 0015 0015 0015 0015 003F 0015 003F 0015 003F 0015 003F 0015 003F 0015 003F 0015 003F 0015 003F 0015 003F 0015 003F 0015 0015 0015 0015 0015 0015 0015 003F 0015 0015 0015 0015 0015 0015 0015 0015 0015 003F 0015 003F 0015 003F 0015 0015 0015 003F 0015 003F 0015 003F 0015 05D3 0156 0055 0015 0E4F",,

"DIGIT 2","sendir,1:1,1,38000,1,69,342,171,21,21,21,21,21,21,21,21,21,21,21,21,21,21,21,63,21,63,21,63,21,63,21,63,21,63,21,63,21,63,21,63,21,21,21,63,21,21,21,21,21,63,21,21,21,21,21,21,21,63,21,21,21,63,21,63,21,21,21,63,21,63,21,63,21,1491,342,85,21,3662","0000 006D 0022 0002 0156 00AB 0015 0015 0015 0015 0015 0015 0015 0015 0015 0015 0015 0015 0015 0015 0015 003F 0015 003F 0015 003F 0015 003F 0015 003F 0015 003F 0015 003F 0015 003F 0015 003F 0015 0015 0015 003F 0015 0015 0015 0015 0015 003F 0015 0015 0015 0015 0015 0015 0015 003F 0015 0015 0015 003F 0015 003F 0015 0015 0015 003F 0015 003F 0015 003F 0015 05D3 0156 0055 0015 0E4E",,

"DIGIT 3","sendir,1:1,1,38000,1,69,342,171,21,21,21,21,21,21,21,21,21,21,21,21,21,21,21,63,21,63,21,63,21,63,21,63,21,63,21,63,21,63,21,63,21,63,21,63,21,21,21,21,21,63,21,21,21,21,21,21,21,21,21,21,21,63,21,63,21,21,21,63,21,63,21,63,21,1491,342,85,21,3663","0000 006D 0022 0002 0156 00AB 0015 0015 0015 0015 0015 0015 0015 0015 0015 0015 0015 0015 0015 0015 0015 003F 0015 003F 0015 003F 0015 003F 0015 003F 0015 003F 0015 003F 0015 003F 0015 003F 0015 003F 0015 003F 0015 0015 0015 0015 0015 003F 0015 0015 0015 0015 0015 0015 0015 0015 0015 0015 0015 003F 0015 003F 0015 0015 0015 003F 0015 003F 0015 003F 0015 05D3 0156 0055 0015 0E4F",,

"DIGIT 4","sendir,1:1,1,38000,1,69,342,171,21,21,21,21,21,21,21,21,21,21,21,21,21,21,21,63,21,63,21,63,21,63,21,63,21,63,21,63,21,63,21,63,21,21,21,21,21,63,21,21,21,63,21,21,21,21,21,21,21,63,21,63,21,21,21,63,21,21,21,63,21,63,21,63,21,1491,342,85,21,3663","0000 006D 0022 0002 0156 00AB 0015 0015 0015 0015 0015 0015 0015 0015 0015 0015 0015 0015 0015 0015 0015 003F 0015 003F 0015 003F 0015 003F 0015 003F 0015 003F 0015 003F 0015 003F 0015 003F 0015 0015 0015 0015 0015 003F 0015 0015 0015 003F 0015 0015 0015 0015 0015 0015 0015 003F 0015 003F 0015 0015 0015 003F 0015 0015 0015 003F 0015 003F 0015 003F 0015 05D3 0156 0055 0015 0E4F",,

"DIGIT 5","sendir,1:1,1,38000,1,69,342,171,21,21,21,21,21,21,21,21,21,21,21,21,21,21,21,64,21,64,21,64,21,64,21,64,21,64,21,64,21,64,21,64,21,64,21,21,21,64,21,21,21,64,21,21,21,21,21,21,21,21,21,64,21,21,21,64,21,21,21,64,21,64,21,64,21,1491,342,85,21,3663","0000 006D 0022 0002 0156 00AB 0015 0015 0015 0015 0015 0015 0015 0015 0015 0015 0015 0015 0015 0015 0015 0040 0015 0040 0015 0040 0015 0040 0015 0040 0015 0040 0015 0040 0015 0040 0015 0040 0015 0040 0015 0015 0015 0040 0015 0015 0015 0040 0015 0015 0015 0015 0015 0015 0015 0015 0015 0040 0015 0015 0015 0040 0015 0015 0015 0040 0015 0040 0015 0040 0015 05D3 0156 0055 0015 0E4F",,

"DIGIT 6","sendir,1:1,1,38000,1,69,342,171,21,21,21,21,21,21,21,21,21,21,21,21,21,21,21,63,21,63,21,63,21,63,21,63,21,63,21,63,21,63,21,63,21,21,21,63,21,63,21,21,21,63,21,21,21,21,21,21,21,63,21,21,21,21,21,63,21,21,21,63,21,63,21,63,21,1491,342,85,21,3663","0000 006D 0022 0002 0156 00AB 0015 0015 0015 0015 0015 0015 0015 0015 0015 0015 0015 0015 0015 0015 0015 003F 0015 003F 0015 003F 0015 003F 0015 003F 0015 003F 0015 003F 0015 003F 0015 003F 0015 0015 0015 003F 0015 003F 0015 0015 0015 003F 0015 0015 0015 0015 0015 0015 0015 003F 0015 0015 0015 0015 0015 003F 0015 0015 0015 003F 0015 003F 0015 003F 0015 05D3 0156 0055 0015 0E4F",,

"DIGIT 7","sendir,1:1,1,38000,1,69,342,171,21,21,21,21,21,21,21,21,21,21,21,21,21,21,21,64,21,64,21,64,21,64,21,64,21,64,21,64,21,64,21,64,21,64,21,64,21,64,21,21,21,64,21,21,21,21,21,21,21,21,21,21,21,21,21,64,21,21,21,64,21,64,21,64,21,1491,342,85,21,3663","0000 006D 0022 0002 0156 00AB 0015 0015 0015 0015 0015 0015 0015 0015 0015 0015 0015 0015 0015 0015 0015 0040 0015 0040 0015 0040 0015 0040 0015 0040 0015 0040 0015 0040 0015 0040 0015 0040 0015 0040 0015 0040 0015 0040 0015 0015 0015 0040 0015 0015 0015 0015 0015 0015 0015 0015 0015 0015 0015 0015 0015 0040 0015 0015 0015 0040 0015 0040 0015 0040 0015 05D3 0156 0055 0015 0E4F",,

"DIGIT 8","sendir,1:1,1,38000,1,69,342,171,21,21,21,21,21,21,21,21,21,21,21,21,21,21,21,63,21,63,21,63,21,63,21,63,21,63,21,63,21,63,21,63,21,21,21,21,21,21,21,63,21,63,21,21,21,21,21,21,21,63,21,63,21,63,21,21,21,21,21,63,21,63,21,63,21,1491,342,85,21,3663","0000 006D 0022 0002 0156 00AB 0015 0015 0015 0015 0015 0015 0015 0015 0015 0015 0015 0015 0015 0015 0015 003F 0015 003F 0015 003F 0015 003F 0015 003F 0015 003F 0015 003F 0015 003F 0015 003F 0015 0015 0015 0015 0015 0015 0015 003F 0015 003F 0015 0015 0015 0015 0015 0015 0015 003F 0015 003F 0015 003F 0015 0015 0015 0015 0015 003F 0015 003F 0015 003F 0015 05D3 0156 0055 0015 0E4F",,

"DIGIT 9","sendir,1:1,1,38000,1,69,342,171,21,21,21,21,21,21,21,21,21,21,21,21,21,21,21,63,21,63,21,63,21,63,21,63,21,63,21,63,21,63,21,63,21,63,21,21,21,21,21,63,21,63,21,21,21,21,21,21,21,21,21,63,21,63,21,21,21,21,21,63,21,63,21,63,21,1491,342,85,21,3663","0000 006D 0022 0002 0156 00AB 0015 0015 0015 0015 0015 0015 0015 0015 0015 0015 0015 0015 0015 0015 0015 003F 0015 003F 0015 003F 0015 003F 0015 003F 0015 003F 0015 003F 0015 003F 0015 003F 0015 003F 0015 0015 0015 0015 0015 003F 0015 003F 0015 0015 0015 0015 0015 0015 0015 0015 0015 003F 0015 003F 0015 0015 0015 0015 0015 003F 0015 003F 0015 003F 0015 05D3 0156 0055 0015 0E4F",,

"EXIT","sendir,1:1,1,38000,1,69,342,171,21,21,21,21,21,21,21,21,21,21,21,21,21,21,21,64,21,64,21,64,21,64,21,64,21,64,21,64,21,64,21,64,21,21,21,21,21,64,21,64,21,64,21,21,21,21,21,21,21,64,21,64,21,21,21,21,21,21,21,64,21,64,21,64,21,1491,342,85,21,3663","0000 006D 0022 0002 0156 00AB 0015 0015 0015 0015 0015 0015 0015 0015 0015 0015 0015 0015 0015 0015 0015 0040 0015 0040 0015 0040 0015 0040 0015 0040 0015 0040 0015 0040 0015 0040 0015 0040 0015 0015 0015 0015 0015 0040 0015 0040 0015 0040 0015 0015 0015 0015 0015 0015 0015 0040 0015 0040 0015 0015 0015 0015 0015 0015 0015 0040 0015 0040 0015 0040 0015 05D3 0156 0055 0015 0E4F",,

"FAVORITE","sendir,1:1,1,38000,1,69,342,171,21,21,21,21,21,21,21,21,21,21,21,21,21,21,21,63,21,63,21,63,21,63,21,63,21,63,21,63,21,63,21,63,21,21,21,21,21,63,21,21,21,21,21,21,21,21,21,21,21,63,21,63,21,21,21,63,21,63,21,63,21,63,21,63,21,1491,342,85,21,3663","0000 006D 0022 0002 0156 00AB 0015 0015 0015 0015 0015 0015 0015 0015 0015 0015 0015 0015 0015 0015 0015 003F 0015 003F 0015 003F 0015 003F 0015 003F 0015 003F 0015 003F 0015 003F 0015 003F 0015 0015 0015 0015 0015 003F 0015 0015 0015 0015 0015 0015 0015 0015 0015 0015 0015 003F 0015 003F 0015 0015 0015 003F 0015 003F 0015 003F 0015 003F 0015 003F 0015 05D3 0156 0055 0015 0E4F",,

"FORWARD","sendir,1:1,1,38000,1,69,342,171,21,21,21,21,21,21,21,21,21,21,21,21,21,21,21,64,21,64,21,64,21,64,21,64,21,64,21,64,21,64,21,64,21,64,21,21,21,64,21,64,21,64,21,21,21,64,21,21,21,21,21,64,21,21,21,21,21,21,21,64,21,21,21,64,21,1491,342,85,21,3663","0000 006D 0022 0002 0156 00AB 0015 0015 0015 0015 0015 0015 0015 0015 0015 0015 0015 0015 0015 0015 0015 0040 0015 0040 0015 0040 0015 0040 0015 0040 0015 0040 0015 0040 0015 0040 0015 0040 0015 0040 0015 0015 0015 0040 0015 0040 0015 0040 0015 0015 0015 0040 0015 0015 0015 0015 0015 0040 0015 0015 0015 0015 0015 0015 0015 0040 0015 0015 0015 0040 0015 05D3 0156 0055 0015 0E4F",,

"FUNCTION BLUE","sendir,1:1,1,38000,1,69,342,171,21,21,21,21,21,21,21,21,21,21,21,21,21,21,21,63,21,63,21,63,21,63,21,63,21,63,21,63,21,63,21,63,21,63,21,63,21,21,21,21,21,21,21,21,21,63,21,21,21,21,21,21,21,63,21,63,21,63,21,63,21,21,21,63,21,1491,342,85,21,3663","0000 006D 0022 0002 0156 00AB 0015 0015 0015 0015 0015 0015 0015 0015 0015 0015 0015 0015 0015 0015 0015 003F 0015 003F 0015 003F 0015 003F 0015 003F 0015 003F 0015 003F 0015 003F 0015 003F 0015 003F 0015 003F 0015 0015 0015 0015 0015 0015 0015 0015 0015 003F 0015 0015 0015 0015 0015 0015 0015 003F 0015 003F 0015 003F 0015 003F 0015 0015 0015 003F 0015 05D3 0156 0055 0015 0E4F",,

"FUNCTION GREEN","sendir,1:1,1,38000,1,69,342,171,21,21,21,21,21,21,21,21,21,21,21,21,21,21,21,63,21,63,21,63,21,63,21,63,21,63,21,63,21,63,21,63,21,63,21,21,21,21,21,63,21,21,21,21,21,21,21,21,21,21,21,63,21,63,21,21,21,63,21,63,21,63,21,63,21,1491,342,85,21,3663","0000 006D 0022 0002 0156 00AB 0015 0015 0015 0015 0015 0015 0015 0015 0015 0015 0015 0015 0015 0015 0015 003F 0015 003F 0015 003F 0015 003F 0015 003F 0015 003F 0015 003F 0015 003F 0015 003F 0015 003F 0015 0015 0015 0015 0015 003F 0015 0015 0015 0015 0015 0015 0015 0015 0015 0015 0015 003F 0015 003F 0015 0015 0015 003F 0015 003F 0015 003F 0015 003F 0015 05D3 0156 0055 0015 0E4F",,

"FUNCTION RED","sendir,1:1,1,38000,1,69,342,171,21,21,21,21,21,21,21,21,21,21,21,21,21,21,21,63,21,63,21,63,21,63,21,63,21,63,21,63,21,63,21,63,21,63,21,21,21,63,21,21,21,21,21,21,21,21,21,21,21,21,21,63,21,21,21,63,21,63,21,63,21,63,21,63,21,1491,342,85,21,3663","0000 006D 0022 0002 0156 00AB 0015 0015 0015 0015 0015 0015 0015 0015 0015 0015 0015 0015 0015 0015 0015 003F 0015 003F 0015 003F 0015 003F 0015 003F 0015 003F 0015 003F 0015 003F 0015 003F 0015 003F 0015 0015 0015 003F 0015 0015 0015 0015 0015 0015 0015 0015 0015 0015 0015 0015 0015 003F 0015 0015 0015 003F 0015 003F 0015 003F 0015 003F 0015 003F 0015 05D3 0156 0055 0015 0E4F",,

"FUNCTION YELLOW","sendir,1:1,1,38000,1,69,342,171,21,21,21,21,21,21,21,21,21,21,21,21,21,21,21,64,21,64,21,64,21,64,21,64,21,64,21,64,21,64,21,64,21,21,21,64,21,21,21,21,21,21,21,21,21,64,21,21,21,64,21,21,21,64,21,64,21,64,21,64,21,21,21,64,21,1491,342,85,21,3663","0000 006D 0022 0002 0156 00AB 0015 0015 0015 0015 0015 0015 0015 0015 0015 0015 0015 0015 0015 0015 0015 0040 0015 0040 0015 0040 0015 0040 0015 0040 0015 0040 0015 0040 0015 0040 0015 0040 0015 0015 0015 0040 0015 0015 0015 0015 0015 0015 0015 0015 0015 0040 0015 0015 0015 0040 0015 0015 0015 0040 0015 0040 0015 0040 0015 0040 0015 0015 0015 0040 0015 05D3 0156 0055 0015 0E4F",,

"GUIDE","sendir,1:1,1,38000,1,69,342,171,21,21,21,21,21,21,21,21,21,21,21,21,21,21,21,64,21,64,21,64,21,64,21,64,21,64,21,64,21,64,21,64,21,21,21,64,21,64,21,64,21,64,21,21,21,21,21,21,21,64,21,21,21,21,21,21,21,21,21,64,21,64,21,64,21,1491,342,85,21,3663","0000 006D 0022 0002 0156 00AB 0015 0015 0015 0015 0015 0015 0015 0015 0015 0015 0015 0015 0015 0015 0015 0040 0015 0040 0015 0040 0015 0040 0015 0040 0015 0040 0015 0040 0015 0040 0015 0040 0015 0015 0015 0040 0015 0040 0015 0040 0015 0040 0015 0015 0015 0015 0015 0015 0015 0040 0015 0015 0015 0015 0015 0015 0015 0015 0015 0040 0015 0040 0015 0040 0015 05D3 0156 0055 0015 0E4F",,

"INFO","sendir,1:1,1,38000,1,69,342,171,21,21,21,21,21,21,21,21,21,21,21,21,21,21,21,63,21,63,21,63,21,63,21,63,21,63,21,63,21,63,21,63,21,21,21,21,21,21,21,21,21,21,21,21,21,63,21,21,21,63,21,63,21,63,21,63,21,63,21,63,21,21,21,63,21,1491,342,85,21,3663","0000 006D 0022 0002 0156 00AB 0015 0015 0015 0015 0015 0015 0015 0015 0015 0015 0015 0015 0015 0015 0015 003F 0015 003F 0015 003F 0015 003F 0015 003F 0015 003F 0015 003F 0015 003F 0015 003F 0015 0015 0015 0015 0015 0015 0015 0015 0015 0015 0015 0015 0015 003F 0015 0015 0015 003F 0015 003F 0015 003F 0015 003F 0015 003F 0015 003F 0015 0015 0015 003F 0015 05D3 0156 0055 0015 0E4F",,

"LIST","sendir,1:1,1,38000,1,69,342,171,21,21,21,21,21,21,21,21,21,21,21,21,21,21,21,63,21,63,21,63,21,63,21,63,21,63,21,63,21,63,21,63,21,63,21,21,21,21,21,63,21,21,21,21,21,21,21,21,21,21,21,63,21,63,21,21,21,63,21,63,21,63,21,63,21,1491,342,85,21,3663","0000 006D 0022 0002 0156 00AB 0015 0015 0015 0015 0015 0015 0015 0015 0015 0015 0015 0015 0015 0015 0015 003F 0015 003F 0015 003F 0015 003F 0015 003F 0015 003F 0015 003F 0015 003F 0015 003F 0015 003F 0015 0015 0015 0015 0015 003F 0015 0015 0015 0015 0015 0015 0015 0015 0015 0015 0015 003F 0015 003F 0015 0015 0015 003F 0015 003F 0015 003F 0015 003F 0015 05D3 0156 0055 0015 0E4F",,

"MENU MAIN","sendir,1:1,1,38000,1,69,342,171,21,21,21,21,21,21,21,21,21,21,21,21,21,21,21,64,21,64,21,64,21,64,21,64,21,64,21,64,21,64,21,64,21,21,21,64,21,21,21,64,21,64,21,21,21,21,21,21,21,64,21,21,21,64,21,21,21,21,21,64,21,64,21,64,21,1491,342,85,21,3663","0000 006D 0022 0002 0156 00AB 0015 0015 0015 0015 0015 0015 0015 0015 0015 0015 0015 0015 0015 0015 0015 0040 0015 0040 0015 0040 0015 0040 0015 0040 0015 0040 0015 0040 0015 0040 0015 0040 0015 0015 0015 0040 0015 0015 0015 0040 0015 0040 0015 0015 0015 0015 0015 0015 0015 0040 0015 0015 0015 0040 0015 0015 0015 0015 0015 0040 0015 0040 0015 0040 0015 05D3 0156 0055 0015 0E4F",,

"MUTE TOGGLE","sendir,1:1,1,38000,1,69,342,171,21,21,21,21,21,21,21,21,21,21,21,21,21,21,21,64,21,64,21,64,21,64,21,64,21,64,21,64,21,64,21,64,21,64,21,21,21,64,21,64,21,21,21,21,21,21,21,21,21,21,21,64,21,21,21,21,21,64,21,64,21,64,21,64,21,1491,342,85,21,3663","0000 006D 0022 0002 0156 00AB 0015 0015 0015 0015 0015 0015 0015 0015 0015 0015 0015 0015 0015 0015 0015 0040 0015 0040 0015 0040 0015 0040 0015 0040 0015 0040 0015 0040 0015 0040 0015 0040 0015 0040 0015 0015 0015 0040 0015 0040 0015 0015 0015 0015 0015 0015 0015 0015 0015 0015 0015 0040 0015 0015 0015 0015 0015 0040 0015 0040 0015 0040 0015 0040 0015 05D3 0156 0055 0015 0E4F",,

"PLAY PAUSE TOGGLE","sendir,1:1,1,38000,1,69,342,171,21,21,21,21,21,21,21,21,21,21,21,21,21,21,21,64,21,64,21,64,21,64,21,64,21,64,21,64,21,64,21,64,21,21,21,64,21,64,21,64,21,21,21,21,21,21,21,21,21,64,21,21,21,21,21,21,21,64,21,64,21,64,21,64,21,1491,342,85,21,3663","0000 006D 0022 0002 0156 00AB 0015 0015 0015 0015 0015 0015 0015 0015 0015 0015 0015 0015 0015 0015 0015 0040 0015 0040 0015 0040 0015 0040 0015 0040 0015 0040 0015 0040 0015 0040 0015 0040 0015 0015 0015 0040 0015 0040 0015 0040 0015 0015 0015 0015 0015 0015 0015 0015 0015 0040 0015 0015 0015 0015 0015 0015 0015 0040 0015 0040 0015 0040 0015 0040 0015 05D3 0156 0055 0015 0E4F",,

"POWER TOGGLE","sendir,1:1,1,38000,1,69,342,171,21,21,21,21,21,21,21,21,21,21,21,21,21,21,21,63,21,63,21,63,21,63,21,63,21,63,21,63,21,63,21,63,21,21,21,63,21,21,21,63,21,21,21,21,21,21,21,21,21,63,21,21,21,63,21,21,21,63,21,63,21,63,21,63,21,1491,342,85,21,3663","0000 006D 0022 0002 0156 00AB 0015 0015 0015 0015 0015 0015 0015 0015 0015 0015 0015 0015 0015 0015 0015 003F 0015 003F 0015 003F 0015 003F 0015 003F 0015 003F 0015 003F 0015 003F 0015 003F 0015 0015 0015 003F 0015 0015 0015 003F 0015 0015 0015 0015 0015 0015 0015 0015 0015 003F 0015 0015 0015 003F 0015 0015 0015 003F 0015 003F 0015 003F 0015 003F 0015 05D3 0156 0055 0015 0E4F",,

"PREVIOUS CHANNEL","sendir,1:1,1,38000,1,69,342,171,21,21,21,21,21,21,21,21,21,21,21,21,21,21,21,63,21,63,21,63,21,63,21,63,21,63,21,63,21,63,21,63,21,63,21,63,21,21,21,63,21,63,21,21,21,21,21,21,21,21,21,21,21,63,21,21,21,21,21,63,21,63,21,63,21,1491,342,85,21,3663","0000 006D 0022 0002 0156 00AB 0015 0015 0015 0015 0015 0015 0015 0015 0015 0015 0015 0015 0015 0015 0015 003F 0015 003F 0015 003F 0015 003F 0015 003F 0015 003F 0015 003F 0015 003F 0015 003F 0015 003F 0015 003F 0015 0015 0015 003F 0015 003F 0015 0015 0015 0015 0015 0015 0015 0015 0015 0015 0015 003F 0015 0015 0015 0015 0015 003F 0015 003F 0015 003F 0015 05D3 0156 0055 0015 0E4F",,

"RECORD","sendir,1:1,1,38000,1,69,342,171,21,21,21,21,21,21,21,21,21,21,21,21,21,21,21,63,21,63,21,63,21,63,21,63,21,63,21,63,21,63,21,63,21,63,21,21,21,63,21,63,21,63,21,21,21,21,21,21,21,21,21,63,21,21,21,21,21,21,21,63,21,63,21,63,21,1491,342,85,21,3663","0000 006D 0022 0002 0156 00AB 0015 0015 0015 0015 0015 0015 0015 0015 0015 0015 0015 0015 0015 0015 0015 003F 0015 003F 0015 003F 0015 003F 0015 003F 0015 003F 0015 003F 0015 003F 0015 003F 0015 003F 0015 0015 0015 003F 0015 003F 0015 003F 0015 0015 0015 0015 0015 0015 0015 0015 0015 003F 0015 0015 0015 0015 0015 0015 0015 003F 0015 003F 0015 003F 0015 05D3 0156 0055 0015 0E4F",,

"REPEAT","sendir,1:1,1,38000,1,69,342,171,21,21,21,21,21,21,21,21,21,21,21,21,21,21,21,64,21,64,21,64,21,64,21,64,21,64,21,64,21,64,21,64,21,64,21,21,21,64,21,64,21,64,21,21,21,21,21,21,21,21,21,64,21,21,21,21,21,21,21,64,21,64,21,64,21,1491,342,85,21,3663","0000 006D 0022 0002 0156 00AB 0015 0015 0015 0015 0015 0015 0015 0015 0015 0015 0015 0015 0015 0015 0015 0040 0015 0040 0015 0040 0015 0040 0015 0040 0015 0040 0015 0040 0015 0040 0015 0040 0015 0040 0015 0015 0015 0040 0015 0040 0015 0040 0015 0015 0015 0015 0015 0015 0015 0015 0015 0040 0015 0015 0015 0015 0015 0015 0015 0040 0015 0040 0015 0040 0015 05D3 0156 0055 0015 0E4F",,

"REPLAY","sendir,1:1,1,38000,1,69,342,171,21,21,21,21,21,21,21,21,21,21,21,21,21,21,21,64,21,64,21,64,21,64,21,64,21,64,21,64,21,64,21,64,21,64,21,64,21,64,21,64,21,64,21,21,21,64,21,21,21,21,21,21,21,21,21,21,21,21,21,64,21,21,21,64,21,1491,342,85,21,3663","0000 006D 0022 0002 0156 00AB 0015 0015 0015 0015 0015 0015 0015 0015 0015 0015 0015 0015 0015 0015 0015 0040 0015 0040 0015 0040 0015 0040 0015 0040 0015 0040 0015 0040 0015 0040 0015 0040 0015 0040 0015 0040 0015 0040 0015 0040 0015 0040 0015 0015 0015 0040 0015 0015 0015 0015 0015 0015 0015 0015 0015 0015 0015 0015 0015 0040 0015 0015 0015 0040 0015 05D3 0156 0055 0015 0E4F",,

"REVERSE","sendir,1:1,1,38000,1,69,342,171,21,21,21,21,21,21,21,21,21,21,21,21,21,21,21,63,21,63,21,63,21,63,21,63,21,63,21,63,21,63,21,63,21,21,21,21,21,21,21,63,21,63,21,21,21,63,21,21,21,63,21,63,21,63,21,21,21,21,21,63,21,21,21,63,21,1491,342,85,21,3663","0000 006D 0022 0002 0156 00AB 0015 0015 0015 0015 0015 0015 0015 0015 0015 0015 0015 0015 0015 0015 0015 003F 0015 003F 0015 003F 0015 003F 0015 003F 0015 003F 0015 003F 0015 003F 0015 003F 0015 0015 0015 0015 0015 0015 0015 003F 0015 003F 0015 0015 0015 003F 0015 0015 0015 003F 0015 003F 0015 003F 0015 0015 0015 0015 0015 003F 0015 0015 0015 003F 0015 05D3 0156 0055 0015 0E4F",,

"SCHEDULE LIST","sendir,1:1,1,38000,1,69,342,171,21,21,21,21,21,21,21,21,21,21,21,21,21,21,21,63,21,63,21,63,21,63,21,63,21,63,21,63,21,63,21,63,21,21,21,63,21,21,21,21,21,21,21,21,21,63,21,21,21,63,21,21,21,63,21,63,21,63,21,63,21,21,21,63,21,1491,342,85,21,3663","0000 006D 0022 0002 0156 00AB 0015 0015 0015 0015 0015 0015 0015 0015 0015 0015 0015 0015 0015 0015 0015 003F 0015 003F 0015 003F 0015 003F 0015 003F 0015 003F 0015 003F 0015 003F 0015 003F 0015 0015 0015 003F 0015 0015 0015 0015 0015 0015 0015 0015 0015 003F 0015 0015 0015 003F 0015 0015 0015 003F 0015 003F 0015 003F 0015 003F 0015 0015 0015 003F 0015 05D3 0156 0055 0015 0E4F",,

"SKIP","sendir,1:1,1,38000,1,69,342,171,21,21,21,21,21,21,21,21,21,21,21,21,21,21,21,63,21,63,21,63,21,63,21,63,21,63,21,63,21,63,21,63,21,21,21,63,21,21,21,63,21,63,21,21,21,63,21,21,21,63,21,21,21,63,21,21,21,21,21,63,21,21,21,63,21,1491,342,85,21,3663","0000 006D 0022 0002 0156 00AB 0015 0015 0015 0015 0015 0015 0015 0015 0015 0015 0015 0015 0015 0015 0015 003F 0015 003F 0015 003F 0015 003F 0015 003F 0015 003F 0015 003F 0015 003F 0015 003F 0015 0015 0015 003F 0015 0015 0015 003F 0015 003F 0015 0015 0015 003F 0015 0015 0015 003F 0015 0015 0015 003F 0015 0015 0015 0015 0015 003F 0015 0015 0015 003F 0015 05D3 0156 0055 0015 0E4F",,

"STOP","sendir,1:1,1,38000,1,69,342,171,21,21,21,21,21,21,21,21,21,21,21,21,21,21,21,63,21,63,21,63,21,63,21,63,21,63,21,63,21,63,21,63,21,63,21,21,21,21,21,21,21,21,21,21,21,63,21,21,21,21,21,63,21,63,21,63,21,63,21,63,21,21,21,63,21,1491,342,85,21,3663","0000 006D 0022 0002 0156 00AB 0015 0015 0015 0015 0015 0015 0015 0015 0015 0015 0015 0015 0015 0015 0015 003F 0015 003F 0015 003F 0015 003F 0015 003F 0015 003F 0015 003F 0015 003F 0015 003F 0015 003F 0015 0015 0015 0015 0015 0015 0015 0015 0015 0015 0015 003F 0015 0015 0015 0015 0015 003F 0015 003F 0015 003F 0015 003F 0015 003F 0015 0015 0015 003F 0015 05D3 0156 0055 0015 0E4F",,

"SUBTITLE","sendir,1:1,1,38000,1,69,342,171,21,21,21,21,21,21,21,21,21,21,21,21,21,21,21,64,21,64,21,64,21,64,21,64,21,64,21,64,21,64,21,64,21,64,21,21,21,64,21,21,21,21,21,21,21,21,21,21,21,21,21,64,21,21,21,64,21,64,21,64,21,64,21,64,21,1491,342,85,21,3663","0000 006D 0022 0002 0156 00AB 0015 0015 0015 0015 0015 0015 0015 0015 0015 0015 0015 0015 0015 0015 0015 0040 0015 0040 0015 0040 0015 0040 0015 0040 0015 0040 0015 0040 0015 0040 0015 0040 0015 0040 0015 0015 0015 0040 0015 0015 0015 0015 0015 0015 0015 0015 0015 0015 0015 0015 0015 0040 0015 0015 0015 0040 0015 0040 0015 0040 0015 0040 0015 0040 0015 05D3 0156 0055 0015 0E4F",,

"TELETEXT","sendir,1:1,1,38000,1,69,342,172,21,21,21,21,21,21,21,21,21,21,21,21,21,21,21,63,21,63,21,63,21,63,21,63,21,63,21,63,21,63,21,63,21,21,21,21,21,63,21,21,21,21,21,21,21,63,21,21,21,63,21,63,21,21,21,63,21,63,21,63,21,21,21,63,21,1491,342,85,21,3663","0000 006D 0022 0002 0156 00AC 0015 0015 0015 0015 0015 0015 0015 0015 0015 0015 0015 0015 0015 0015 0015 003F 0015 003F 0015 003F 0015 003F 0015 003F 0015 003F 0015 003F 0015 003F 0015 003F 0015 0015 0015 0015 0015 003F 0015 0015 0015 0015 0015 0015 0015 003F 0015 0015 0015 003F 0015 003F 0015 0015 0015 003F 0015 003F 0015 003F 0015 0015 0015 003F 0015 05D3 0156 0055 0015 0E4F",,

"TV/RADIO","sendir,1:1,1,38000,1,69,342,171,21,21,21,21,21,21,21,21,21,21,21,21,21,21,21,63,21,63,21,63,21,63,21,63,21,63,21,63,21,63,21,63,21,63,21,21,21,63,21,21,21,21,21,21,21,63,21,21,21,21,21,63,21,21,21,63,21,63,21,63,21,21,21,63,21,1491,342,85,21,3663","0000 006D 0022 0002 0156 00AB 0015 0015 0015 0015 0015 0015 0015 0015 0015 0015 0015 0015 0015 0015 0015 003F 0015 003F 0015 003F 0015 003F 0015 003F 0015 003F 0015 003F 0015 003F 0015 003F 0015 003F 0015 0015 0015 003F 0015 0015 0015 0015 0015 0015 0015 003F 0015 0015 0015 0015 0015 003F 0015 0015 0015 003F 0015 003F 0015 003F 0015 0015 0015 003F 0015 05D3 0156 0055 0015 0E4F",,

"TV/USB","sendir,1:1,1,38000,1,69,342,171,21,21,21,21,21,21,21,21,21,21,21,21,21,21,21,63,21,63,21,63,21,63,21,63,21,63,21,63,21,63,21,63,21,21,21,21,21,63,21,63,21,21,21,21,21,21,21,21,21,63,21,63,21,21,21,21,21,63,21,63,21,63,21,63,21,1491,342,85,21,3663","0000 006D 0022 0002 0156 00AB 0015 0015 0015 0015 0015 0015 0015 0015 0015 0015 0015 0015 0015 0015 0015 003F 0015 003F 0015 003F 0015 003F 0015 003F 0015 003F 0015 003F 0015 003F 0015 003F 0015 0015 0015 0015 0015 003F 0015 003F 0015 0015 0015 0015 0015 0015 0015 0015 0015 003F 0015 003F 0015 0015 0015 0015 0015 003F 0015 003F 0015 003F 0015 003F 0015 05D3 0156 0055 0015 0E4F",,

"VOLUME DOWN","sendir,1:1,1,38000,1,69,342,171,21,21,21,21,21,21,21,21,21,21,21,21,21,21,21,64,21,64,21,64,21,64,21,64,21,64,21,64,21,64,21,64,21,64,21,64,21,21,21,21,21,21,21,21,21,21,21,21,21,21,21,21,21,64,21,64,21,64,21,64,21,64,21,64,21,1491,342,85,21,3663","0000 006D 0022 0002 0156 00AB 0015 0015 0015 0015 0015 0015 0015 0015 0015 0015 0015 0015 0015 0015 0015 0040 0015 0040 0015 0040 0015 0040 0015 0040 0015 0040 0015 0040 0015 0040 0015 0040 0015 0040 0015 0040 0015 0015 0015 0015 0015 0015 0015 0015 0015 0015 0015 0015 0015 0015 0015 0015 0015 0040 0015 0040 0015 0040 0015 0040 0015 0040 0015 0040 0015 05D3 0156 0055 0015 0E4F",,

"VOLUME UP","sendir,1:1,1,38000,1,69,342,171,21,21,21,21,21,21,21,21,21,21,21,21,21,21,21,63,21,63,21,63,21,63,21,63,21,63,21,63,21,63,21,63,21,21,21,63,21,21,21,21,21,21,21,21,21,21,21,21,21,63,21,21,21,63,21,63,21,63,21,63,21,63,21,63,21,1491,342,85,21,3663","0000 006D 0022 0002 0156 00AB 0015 0015 0015 0015 0015 0015 0015 0015 0015 0015 0015 0015 0015 0015 0015 003F 0015 003F 0015 003F 0015 003F 0015 003F 0015 003F 0015 003F 0015 003F 0015 003F 0015 0015 0015 003F 0015 0015 0015 0015 0015 0015 0015 0015 0015 0015 0015 0015 0015 003F 0015 0015 0015 003F 0015 003F 0015 003F 0015 003F 0015 003F 0015 003F 0015 05D3 0156 0055 0015 0E4F",,

"ZOOM","sendir,1:1,1,38000,1,69,342,171,21,21,21,21,21,21,21,21,21,21,21,21,21,21,21,63,21,63,21,63,21,63,21,63,21,63,21,63,21,63,21,63,21,63,21,63,21,21,21,21,21,21,21,21,21,63,21,21,21,21,21,21,21,63,21,63,21,63,21,63,21,21,21,63,21,1491,342,85,21,3663","0000 006D 0022 0002 0156 00AB 0015 0015 0015 0015 0015 0015 0015 0015 0015 0015 0015 0015 0015 0015 0015 003F 0015 003F 0015 003F 0015 003F 0015 003F 0015 003F 0015 003F 0015 003F 0015 003F 0015 003F 0015 003F 0015 0015 0015 0015 0015 0015 0015 0015 0015 003F 0015 0015 0015 0015 0015 0015 0015 003F 0015 003F 0015 003F 0015 003F 0015 0015 0015 003F 0015 05D3 0156 0055 0015 0E4F",,